исходная матрица
-0.3 2.0 2.05 2.08 2.1 2.12 2.14 2.15 2.16 
2.65 2.45 2.65 2.68 2.7 2.72 2.74 2.75 2.76 
3.19 3.16 3.0 3.16 3.19 3.21 3.23 3.24 3.25 
3.65 3.63 3.61 3.46 3.61 3.63 3.65 3.66 3.67 
4.05 4.04 4.02 4.0 3.87 4.0 4.02 4.04 4.05 
4.42 4.41 4.4 4.38 4.36 4.24 4.36 4.38 4.4 
4.75 4.74 4.73 4.72 4.71 4.69 4.58 4.69 4.71 
5.06 5.06 5.05 5.04 5.03 5.02 5.0 4.9 5.0 
5.36 5.35 5.34 5.34 5.33 5.32 5.31 5.29 5.2 
среднее арифмитическое = 3.859
матрица после изменения
2.08 2.0 2.05 -0.3 2.1 2.12 2.14 2.15 2.16 
2.68 2.45 2.65 2.65 2.7 2.72 2.74 2.75 2.76 
3.16 3.16 3.0 3.19 3.19 3.21 3.23 3.24 3.25 
3.46 3.63 3.61 3.65 3.61 3.63 3.65 3.66 3.67 
4.0 4.04 4.02 4.05 3.87 4.0 4.02 4.04 4.05 
4.38 4.41 4.4 4.42 4.36 4.24 4.36 4.38 4.4 
4.72 4.74 4.73 4.75 4.71 4.69 4.58 4.69 4.71 
5.04 5.06 5.05 5.06 5.03 5.02 5.0 4.9 5.0 
5.34 5.35 5.34 5.36 5.33 5.32 5.31 5.29 5.2 
x = [5.04, 5.06, 5.05, 5.06, 5.03, 5.02, 5.0, 4.9, 5.0]
sorted x = [4.9, 5.0, 5.0, 5.02, 5.03, 5.04, 5.05, 5.06, 5.06]